     0/299     7.38G      2.57      3.25         0      5.81         9       512         0         0  0.000744         0      3.27      1.44         0
     1/299     7.38G      2.13      1.82         0      3.95        12       512         1    0.0238    0.0383    0.0465      2.65     0.924         0
     2/299     11.7G      2.04      1.52         0      3.56        12       512     0.217     0.143     0.131     0.172      2.75     0.708         0
     3/299     11.7G      1.92      1.34         0      3.27         9       512     0.233    0.0476    0.0668    0.0791      2.87     0.721         0
     4/299     11.7G      1.98      1.25         0      3.23        13       512     0.276     0.055    0.0937    0.0916      2.73      0.76         0
     5/299     11.7G       1.6       1.1         0       2.7        12       512    0.0249    0.0952   0.00675    0.0395      2.67      1.53         0
     6/299     11.7G      1.62      1.02         0      2.64         8       512     0.304      0.19     0.126     0.234      2.56     0.661         0
     7/299     11.7G      1.44     0.935         0      2.38         8       512     0.364     0.262     0.288     0.304      2.08     0.493         0
     8/299     11.7G      1.47     0.829         0       2.3        10       512       0.5     0.238     0.263     0.323      2.17     0.512         0
     9/299     11.7G      1.36     0.776         0      2.14        10       512     0.487     0.238     0.235      0.32      2.21     0.502         0
    10/299     11.7G       1.4     0.756         0      2.16         9       512     0.331     0.357     0.306     0.344      2.01     0.477         0
    11/299     11.7G      1.32     0.774         0       2.1         9       512     0.386     0.119     0.116     0.182       2.3     0.598         0
    12/299     11.7G       1.2     0.722         0      1.93         8       512     0.763     0.119     0.167     0.206      2.08     0.612         0
    13/299     11.7G      1.27     0.698         0      1.97        10       512     0.483    0.0952    0.0839     0.159      2.04     0.605         0
    14/299     11.7G      1.13     0.634         0      1.76         9       512     0.492     0.405     0.386     0.444      1.76     0.496         0
    15/299     11.7G      1.16      0.62         0      1.78        12       512     0.527     0.429     0.492     0.473      1.59     0.326         0
    16/299     11.7G      1.09     0.579         0      1.67        12       512     0.768     0.357     0.464     0.488       1.5     0.411         0
    17/299     11.7G      1.24     0.541         0      1.78         9       512     0.668     0.333     0.492     0.445      1.62     0.351         0
    18/299     11.7G      1.09     0.521         0      1.61         9       512     0.608     0.405     0.503     0.486      1.43     0.344         0
    19/299     11.7G      0.99     0.564         0      1.55         9       512     0.637     0.334     0.468     0.438      1.56      0.36         0
    20/299     11.7G      0.95     0.518         0      1.47        11       512     0.748     0.333     0.402     0.461      1.81     0.369         0
    21/299     11.7G      1.04     0.483         0      1.52         9       512     0.749     0.355     0.465     0.481       1.5     0.384         0
    22/299     11.7G      1.01     0.499         0      1.51        11       512     0.796     0.333     0.414      0.47      1.67     0.375         0
    23/299     11.7G     0.956     0.476         0      1.43        11       512     0.756     0.286      0.42     0.415      1.48     0.405         0
    24/299     11.7G      1.01     0.513         0      1.52        14       512     0.776      0.31     0.454     0.442      1.45     0.423         0
    25/299     11.7G      1.02      0.48         0       1.5        11       512     0.722     0.381     0.471     0.499      1.54     0.383         0
    26/299     11.7G     0.993     0.487         0      1.48        13       512     0.787     0.353     0.486     0.488      1.41     0.419         0
    27/299     11.7G     0.899     0.483         0      1.38        15       512     0.678     0.333       0.4     0.447      1.53     0.467         0
    28/299     11.7G     0.905     0.501         0      1.41        11       512     0.697     0.357     0.426     0.472      1.62     0.389         0
    29/299     11.7G     0.907     0.454         0      1.36         9       512     0.733     0.327     0.469     0.453       1.5      0.42         0
    30/299     11.7G     0.875     0.451         0      1.33         8       512     0.689     0.369     0.447     0.481      1.62      0.41         0
    31/299     11.7G     0.888     0.455         0      1.34        12       512     0.772     0.333     0.431     0.466      1.61     0.437         0
    32/299     11.7G     0.821     0.424         0      1.24        12       512     0.751     0.357     0.445     0.484      1.48     0.397         0
    33/299     11.7G     0.799     0.449         0      1.25         8       512     0.678     0.381     0.462     0.488      1.45     0.416         0
    34/299     11.7G     0.848     0.427         0      1.27        11       512     0.681     0.381     0.382     0.489      1.57     0.393         0
    35/299     11.7G     0.853     0.409         0      1.26        12       512      0.94     0.371     0.444     0.532      1.64     0.422         0
    36/299     11.7G     0.868     0.407         0      1.28        11       512     0.727     0.333     0.427     0.457      1.64     0.427         0
    37/299     11.7G     0.863     0.428         0      1.29         8       512     0.701     0.333     0.432     0.452      1.69     0.383         0
    38/299     11.7G     0.817     0.417         0      1.23        10       512     0.738     0.381     0.486     0.503      1.45     0.389         0
    39/299     11.7G     0.849     0.433         0      1.28         9       512     0.682     0.452     0.515     0.544      1.44     0.363         0
    40/299     11.7G     0.758     0.433         0      1.19        12       512     0.881     0.353     0.429     0.504      1.44     0.465         0
    41/299     11.7G     0.835     0.411         0      1.25        10       512     0.727     0.405     0.471      0.52      1.42     0.399         0
    42/299     11.7G     0.812     0.416         0      1.23        13       512     0.792     0.381     0.444     0.514       1.5     0.437         0
    43/299     11.7G     0.856     0.379         0      1.23         8       512     0.831     0.333     0.425     0.476      1.47     0.481         0
    44/299     11.7G     0.875      0.42         0       1.3        11       512     0.823     0.357     0.398     0.498      1.59     0.503         0
    45/299     11.7G     0.764     0.407         0      1.17        11       512     0.822     0.333       0.4     0.474      1.52     0.514         0
    46/299     11.7G       0.8     0.396         0       1.2        10       512      0.81     0.333     0.422     0.472      1.47     0.468         0
    47/299     11.7G     0.744     0.385         0      1.13         6       512      0.61     0.409     0.487      0.49      1.44     0.375         0
    48/299     11.7G     0.782     0.398         0      1.18        10       512     0.725     0.376     0.437     0.495      1.44     0.447         0
    49/299     11.7G     0.817     0.383         0       1.2         7       512     0.729      0.31     0.444     0.434      1.49     0.469         0
    50/299     11.7G     0.804     0.387         0      1.19        12       512     0.746      0.35     0.497     0.477      1.38      0.42         0
    51/299     11.7G     0.845     0.395         0      1.24         8       512     0.772     0.357     0.432     0.488      1.48     0.468         0
    52/299     11.7G      0.74     0.384         0      1.12        14       512     0.664     0.357     0.473     0.465      1.46     0.448         0
    53/299     11.7G     0.717     0.379         0       1.1         7       512     0.691     0.333     0.434      0.45      1.44     0.454         0
    54/299     11.7G     0.666     0.396         0      1.06         8       512     0.636     0.357     0.495     0.457      1.43     0.416         0
    55/299     11.7G     0.802     0.359         0      1.16        12       512     0.771     0.357     0.506     0.488      1.45     0.421         0
    56/299     11.7G     0.682     0.396         0      1.08        10       512     0.621      0.39     0.485     0.479      1.39     0.448         0
    57/299     11.7G     0.741     0.343         0      1.08        11       512     0.758      0.31     0.438      0.44      1.41     0.507         0
    58/299     11.7G     0.765     0.356         0      1.12         7       512     0.714     0.297     0.377      0.42      1.47     0.522         0
    59/299     11.7G     0.678     0.363         0      1.04         9       512     0.847     0.238     0.292     0.372      1.68     0.546         0
    60/299     11.7G     0.721     0.351         0      1.07        10       512     0.583     0.357     0.432     0.443      1.48      0.44         0
    61/299     11.7G     0.712     0.368         0      1.08         8       512     0.667     0.334     0.349     0.445      1.51     0.526         0
    62/299     11.7G      0.76     0.333         0      1.09        14       512     0.641     0.357     0.392     0.459      1.38     0.502         0
    63/299     11.7G     0.783     0.401         0      1.18         9       512     0.775     0.286     0.345     0.418      1.47     0.557         0
    64/299     11.7G     0.704     0.366         0      1.07         9       512     0.744     0.333     0.354      0.46      1.48     0.493         0
    65/299     11.7G     0.671     0.344         0      1.01        12       512     0.731     0.324     0.362     0.449      1.51     0.479         0
    66/299     11.7G     0.732     0.336         0      1.07         7       512     0.813      0.31     0.328     0.449       1.5     0.541         0
    67/299     11.7G     0.748      0.37         0      1.12        12       512     0.759     0.357     0.369     0.486      1.52     0.527         0
    68/299     11.7G     0.685     0.332         0      1.02         8       512     0.888     0.378     0.374      0.53       1.5     0.545         0
    69/299     11.7G     0.677     0.321         0     0.999         7       512     0.933     0.333     0.371     0.491      1.73     0.553         0
    70/299     11.7G     0.761     0.339         0       1.1        11       512     0.785     0.435     0.475      0.56      1.66     0.468         0
    71/299     11.7G     0.678     0.334         0      1.01         8       512     0.669     0.429     0.462     0.523      1.41     0.411         0
    72/299     11.7G     0.612     0.365         0     0.977        13       512     0.929     0.309     0.371     0.464      1.44     0.511         0
    73/299     11.7G     0.668     0.315         0     0.983         7       512     0.784     0.333     0.408     0.468      1.53     0.479         0
    74/299     11.7G     0.618     0.332         0      0.95         7       512     0.807     0.357     0.387     0.495      1.54     0.532         0
    75/299     11.7G     0.659     0.317         0     0.976         8       512     0.665     0.357     0.409     0.465      1.36     0.541         0
    76/299     11.7G     0.661     0.336         0     0.996        10       512     0.786     0.351     0.422     0.485      1.49     0.509         0
    77/299     11.7G     0.641      0.35         0     0.991        14       512     0.748     0.333     0.394     0.461       1.5     0.491         0
    78/299     11.7G     0.624     0.321         0     0.944         9       512     0.775     0.329     0.375     0.462      1.48     0.502         0
    79/299     11.7G     0.649     0.341         0      0.99        14       512     0.801     0.287     0.346     0.423      1.61     0.536         0
    80/299     11.7G     0.669     0.334         0         1        11       512     0.882      0.31     0.414     0.458      1.58     0.517         0
    81/299     11.7G     0.612     0.326         0     0.937        11       512     0.915     0.333      0.38     0.489      1.52     0.545         0
    82/299     11.7G      0.64     0.313         0     0.953        10       512     0.822     0.357     0.373     0.498       1.5     0.515         0
    83/299     11.7G     0.644     0.313         0     0.957         9       512     0.832      0.31     0.377     0.451      1.62     0.533         0
    84/299     11.7G     0.707     0.323         0      1.03         9       512     0.757     0.357      0.44     0.485      1.53     0.479         0
    85/299     11.7G     0.672     0.317         0     0.988        13       512     0.821      0.31     0.406      0.45      1.49     0.486         0
    86/299     11.7G     0.706     0.321         0      1.03        11       512     0.929      0.31     0.406     0.465      1.49     0.525         0
    87/299     11.7G     0.723     0.314         0      1.04        10       512     0.857     0.286     0.369     0.429      1.48     0.555         0
    88/299     11.7G     0.643     0.314         0     0.956        10       512     0.773     0.357     0.453     0.488      1.35     0.495         0
    89/299     11.7G      0.64     0.311         0     0.951        13       512       0.7     0.357     0.451     0.473      1.44     0.469         0
    90/299     11.7G      0.62     0.314         0     0.934         8       512     0.825     0.338     0.455      0.48      1.46     0.506         0
    91/299     11.7G     0.599     0.304         0     0.903         9       512      0.93     0.317     0.389     0.473       1.5     0.507         0
    92/299     11.7G     0.628     0.315         0     0.943        13       512     0.865      0.31     0.371     0.456       1.5     0.547         0
    93/299     11.7G     0.647     0.289         0     0.935        10       512      0.82     0.326     0.401     0.466      1.43     0.535         0
    94/299     11.7G     0.588     0.308         0     0.896         9       512     0.869     0.357     0.409     0.506      1.46     0.538         0
    95/299     11.7G     0.647     0.306         0     0.953         8       512     0.833     0.355     0.458     0.498      1.46     0.521         0
    96/299     11.7G     0.607      0.34         0     0.947        13       512     0.701     0.333     0.392     0.452      1.48     0.488         0
    97/299     11.7G     0.584     0.325         0     0.908         8       512      0.81     0.333     0.369     0.472      1.56     0.553         0
    98/299     11.7G     0.562     0.306         0     0.867        11       512     0.874      0.33     0.403     0.479      1.51     0.547         0
    99/299     11.7G     0.593     0.294         0     0.887        10       512     0.815     0.314     0.369     0.454      1.66     0.584         0
   100/299     11.7G     0.647     0.297         0     0.943         9       512     0.703     0.394     0.444     0.505      1.48     0.484         0
   101/299     11.7G     0.631     0.298         0     0.929        11       512     0.668     0.336     0.456     0.447       1.4     0.486         0
   102/299     11.7G     0.579     0.319         0     0.898         6       512     0.875      0.31     0.431     0.457      1.41     0.537         0
   103/299     11.7G     0.537      0.29         0     0.827         7       512     0.892     0.333     0.363     0.485      1.52     0.555         0
   104/299     11.7G     0.531     0.307         0     0.838        12       512     0.869     0.316     0.381     0.464      1.52     0.584         0
   105/299     11.7G     0.612     0.288         0       0.9         9       512     0.703      0.31     0.377      0.43       1.5     0.528         0
   106/299     11.7G     0.556     0.285         0     0.841         9       512     0.739      0.31     0.367     0.436      1.46     0.571         0
   107/299     11.7G     0.596     0.298         0     0.894         9       512     0.876      0.31     0.379     0.457      1.54     0.618         0
   108/299     11.7G     0.579     0.292         0     0.872        11       512     0.932     0.328     0.418     0.485       1.5     0.539         0
   109/299     11.7G     0.553     0.301         0     0.854        12       512     0.887     0.333     0.445     0.485      1.37     0.544         0
   110/299     11.7G     0.538     0.274         0     0.813        10       512      0.77     0.333     0.419     0.465      1.42     0.518         0
   111/299     11.7G     0.541     0.275         0     0.815         6       512     0.834     0.333     0.389     0.476      1.42     0.542         0
   112/299     11.7G     0.572     0.262         0     0.835        10       512     0.866     0.309     0.368     0.455      1.41     0.595         0
   113/299     11.7G     0.544      0.27         0     0.814         9       512     0.896      0.31     0.406      0.46      1.44     0.563         0
   114/299     11.7G     0.528     0.269         0     0.797        10       512     0.933     0.333     0.494     0.491      1.45     0.486         0
   115/299     11.7G     0.615     0.299         0     0.914        10       512     0.923     0.285     0.398     0.436      1.45     0.566         0
   116/299     11.7G     0.512     0.269         0     0.781         7       512      0.93     0.315     0.444     0.471      1.45      0.52         0
   117/299     11.7G     0.557     0.289         0     0.846         6       512     0.931     0.323      0.44      0.48      1.49     0.528         0
   118/299     11.7G      0.52      0.27         0      0.79        12       512     0.925     0.292      0.37     0.444      1.46     0.605         0
   119/299     11.7G     0.545     0.293         0     0.838        12       512     0.885      0.31     0.385     0.459      1.51     0.587         0
   120/299     11.7G     0.509     0.275         0     0.784        10       512      0.93     0.317     0.365     0.473      1.58     0.609         0
   121/299     11.7G     0.521     0.295         0     0.816        11       512     0.871     0.321     0.413     0.469      1.47      0.56         0
   122/299     11.7G     0.528     0.265         0     0.793         7       512     0.887     0.376      0.45     0.528      1.43     0.527         0
   123/299     11.7G     0.509     0.287         0     0.796         8       512     0.829     0.381     0.497     0.522      1.41     0.505         0
   124/299     11.7G     0.558     0.296         0     0.854        10       512     0.941     0.382      0.46     0.543      1.41     0.501         0
   125/299     11.7G     0.516     0.286         0     0.803        15       512     0.894     0.403     0.501     0.555      1.47     0.487         0
   126/299     11.7G     0.515     0.261         0     0.776         9       512     0.833     0.357     0.433       0.5      1.47     0.502         0
   127/299     11.7G     0.529     0.282         0     0.811         9       512     0.899      0.31     0.422      0.46      1.46     0.528         0
   128/299     11.7G     0.582     0.249         0     0.831        10       512     0.882     0.356     0.505     0.508       1.4     0.507         0
   129/299     11.7G     0.468      0.26         0     0.727         6       512     0.927     0.303     0.404     0.457       1.5     0.607         0
   130/299     11.7G       0.6     0.255         0     0.855        11       512     0.847     0.263     0.371     0.402      1.53     0.638         0
   131/299     11.7G     0.486     0.262         0     0.748         7       512     0.862     0.299     0.379     0.444      1.45     0.616         0
   132/299     11.7G     0.531     0.256         0     0.787         9       512     0.879     0.348     0.414     0.499      1.42      0.56         0
   133/299     11.7G     0.526     0.263         0     0.789         7       512     0.869     0.317     0.417     0.465      1.48     0.592         0
   134/299     11.7G     0.534     0.265         0     0.799        10       512     0.824     0.335     0.463     0.476      1.46     0.541         0
   135/299     11.7G     0.549     0.257         0     0.805        10       512     0.831     0.352     0.427     0.494      1.47     0.538         0
   136/299     11.7G     0.564      0.27         0     0.834         7       512     0.844     0.357     0.437     0.502      1.51     0.537         0
   137/299     11.7G     0.525     0.279         0     0.804        10       512     0.895     0.357     0.502     0.511      1.47     0.499         0
   138/299     11.7G     0.519     0.245         0     0.764        10       512     0.893     0.381     0.478     0.534      1.56     0.507         0
   139/299     11.7G     0.517     0.263         0      0.78         8       512     0.941     0.378     0.486     0.539      1.48     0.507         0
   140/299     11.7G     0.538     0.258         0     0.796        10       512     0.825     0.337     0.411     0.478      1.52      0.54         0
   141/299     11.7G     0.544      0.26         0     0.804         7       512     0.876     0.335     0.416     0.485      1.52     0.568         0
   142/299     11.7G      0.51     0.256         0     0.766        12       512     0.934     0.339     0.447     0.498       1.5     0.584         0
   143/299     11.7G     0.462      0.25         0     0.712         9       512     0.926     0.299     0.399     0.452       1.5     0.617         0
   144/299     11.7G     0.521     0.252         0     0.773        10       512     0.905      0.31     0.424     0.461      1.45     0.541         0
   145/299     11.7G     0.493     0.245         0     0.737         6       512     0.937     0.355     0.493     0.515      1.44     0.512         0
   146/299     11.7G     0.483     0.243         0     0.727        17       512      0.93     0.315     0.421      0.47       1.4     0.591         0
   147/299     11.7G      0.47     0.256         0     0.726        10       512     0.869     0.316     0.405     0.464      1.47      0.54         0
   148/299     11.7G     0.568     0.262         0      0.83        13       512     0.831     0.353     0.472     0.495      1.45     0.539         0
   149/299     11.7G     0.466     0.248         0     0.714        11       512     0.832     0.355     0.473     0.498      1.45     0.514         0
   150/299     11.7G     0.506      0.23         0     0.735         8       512     0.818     0.333     0.384     0.474      1.43     0.573         0
   151/299     11.7G     0.566     0.264         0      0.83         6       512     0.822      0.33     0.444     0.471      1.42     0.539         0
   152/299     11.7G     0.488     0.263         0      0.75         6       512     0.841     0.379      0.45     0.522      1.43     0.555         0
   153/299     11.7G      0.52     0.247         0     0.767        12       512     0.791     0.333     0.397     0.469      1.46     0.575         0
   154/299     11.7G     0.461     0.245         0     0.705         6       512     0.807     0.299     0.363     0.436      1.46     0.578         0
   155/299     11.7G     0.476     0.253         0     0.729         5       512     0.806     0.298     0.355     0.435      1.52     0.554         0
   156/299     11.7G      0.51     0.255         0     0.765        11       512     0.872     0.326     0.366     0.474      1.48     0.558         0
   157/299     11.7G     0.459     0.231         0      0.69         9       512     0.795      0.31     0.362     0.446      1.42     0.566         0
   158/299     11.7G      0.48     0.224         0     0.704        11       512      0.87     0.318     0.365     0.466      1.42     0.554         0
   159/299     11.7G     0.499     0.239         0     0.738        11       512      0.77      0.32     0.381     0.452      1.39     0.572         0
   160/299     11.7G     0.425     0.246         0     0.671         7       512     0.784     0.333     0.384     0.468      1.42     0.581         0
   161/299     11.7G     0.478     0.247         0     0.725        12       512      0.79      0.31     0.375     0.445      1.45      0.57         0
   162/299     11.7G     0.467      0.23         0     0.697        11       512      0.82      0.31     0.343     0.449      1.49     0.582         0
   163/299     11.7G     0.415     0.223         0     0.638         8       512     0.919      0.27     0.331     0.417      1.52       0.6         0
   164/299     11.7G     0.459     0.214         0     0.673        10       512     0.925     0.293     0.365     0.445      1.51     0.587         0
   165/299     11.7G     0.425     0.214         0     0.639         8       512     0.871     0.323     0.419     0.471      1.45     0.566         0
   166/299     11.7G     0.432      0.23         0     0.662         9       512     0.847      0.31     0.433     0.453      1.45     0.601         0
   167/299     11.7G     0.445     0.228         0     0.673        10       512     0.932     0.325      0.39     0.482      1.48     0.609         0
   168/299     11.7G     0.486     0.236         0     0.721        12       512     0.914     0.333     0.403     0.488      1.42     0.608         0
   169/299     11.7G     0.521     0.238         0     0.759         8       512     0.875     0.333      0.37     0.483      1.46     0.607         0
   170/299     11.7G     0.476     0.234         0      0.71         9       512     0.808     0.333     0.377     0.472       1.4     0.587         0
   171/299     11.7G     0.465     0.236         0     0.702        10       512     0.873     0.326     0.355     0.475      1.43     0.605         0
   172/299     11.7G     0.381     0.237         0     0.618         8       512     0.859      0.29     0.286     0.434      1.55     0.634         0
   173/299     11.7G     0.446     0.245         0     0.692        12       512     0.846     0.262     0.288       0.4      1.53     0.663         0
   174/299     11.7G     0.423     0.237         0      0.66        12       512     0.866     0.307     0.339     0.453      1.54     0.612         0
   175/299     11.7G     0.415     0.234         0     0.649        11       512     0.806     0.297     0.317     0.435       1.5      0.64         0
   176/299     11.7G     0.446     0.227         0     0.673        12       512     0.838      0.31     0.317     0.452      1.46     0.642         0
   177/299     11.7G      0.41     0.218         0     0.628         9       512      0.87     0.319     0.349     0.467      1.46     0.626         0
   178/299     11.7G     0.441     0.237         0     0.678         9       512     0.917     0.286     0.314     0.436       1.6     0.617         0
   179/299     11.7G     0.405     0.226         0     0.631         9       512     0.848     0.266     0.319     0.405      1.68      0.61         0
   180/299     11.7G     0.421     0.232         0     0.653        11       512     0.934     0.357     0.377     0.517      1.62     0.567         0
   181/299     11.7G     0.424     0.214         0     0.638        10       512     0.905     0.357     0.379     0.512      1.58     0.571         0
   182/299     11.7G     0.448     0.232         0      0.68         7       512     0.895     0.333     0.356     0.486      1.56     0.604         0
   183/299     11.7G     0.417     0.239         0     0.656        11       512      0.91     0.333     0.357     0.488      1.49     0.626         0
   184/299     11.7G     0.432     0.218         0     0.651         7       512     0.928     0.308     0.354     0.463       1.5     0.645         0
   185/299     11.7G      0.44     0.217         0     0.657         8       512     0.921     0.277     0.335     0.426      1.54     0.652         0
   186/299     11.7G     0.408     0.226         0     0.634         9       512     0.919      0.27     0.337     0.418      1.55     0.655         0
   187/299     11.7G     0.358     0.213         0     0.571         6       512     0.919      0.27     0.334     0.417      1.53     0.674         0
   188/299     11.7G     0.373     0.212         0     0.585        10       512     0.826     0.262     0.332     0.398      1.49     0.639         0
   189/299     11.7G     0.393      0.21         0     0.603        12       512     0.805     0.262     0.317     0.395      1.48     0.628         0
   190/299     11.7G     0.365     0.206         0     0.571         9       512       0.8     0.285     0.321     0.421      1.51     0.591         0
   191/299     11.7G     0.393     0.217         0      0.61         9       512     0.799     0.284     0.336     0.419      1.55     0.558         0
   192/299     11.7G     0.413     0.211         0     0.625         9       512     0.854     0.278     0.344     0.419      1.56     0.574         0
   193/299     11.7G     0.398     0.203         0     0.601        10       512     0.871     0.322     0.357      0.47      1.55     0.558         0
   194/299     11.7G     0.414     0.203         0     0.617        12       512     0.861     0.295     0.349      0.44      1.51     0.594         0
   195/299     11.7G      0.42     0.202         0     0.622         6       512     0.916     0.261     0.312     0.406      1.51     0.654         0
   196/299     11.7G     0.393      0.21         0     0.603        10       512      0.92     0.276     0.323     0.425      1.53     0.627         0
   197/299     11.7G     0.365     0.215         0      0.58         7       512     0.928     0.305     0.324     0.459      1.52     0.612         0
   198/299     11.7G     0.349     0.194         0     0.543         8       512     0.929     0.333     0.354     0.491      1.54     0.598         0
   199/299     11.7G     0.397      0.22         0     0.617        10       512     0.911     0.333     0.366     0.488      1.48     0.584         0
   200/299     11.7G      0.36     0.198         0     0.557         7       512     0.928     0.306     0.371      0.46      1.47     0.617         0
   201/299     11.7G     0.374     0.193         0     0.567        11       512     0.932     0.327     0.411     0.485      1.45     0.616         0
   202/299     11.7G     0.409      0.21         0     0.618         9       512     0.933      0.33     0.404     0.487      1.47     0.616         0
   203/299     11.7G     0.396     0.192         0     0.587         8       512     0.918      0.31     0.385     0.463      1.56     0.632         0
   204/299     11.7G     0.397     0.221         0     0.618        10       512     0.919     0.271     0.353     0.418      1.51     0.662         0
   205/299     11.7G     0.387     0.213         0       0.6         9       512      0.92     0.275     0.334     0.423       1.5     0.678         0
   206/299     11.7G     0.345     0.199         0     0.544        10       512     0.924     0.288     0.334      0.44       1.5     0.665         0
   207/299     11.7G      0.31     0.205         0     0.515         7       512     0.925     0.295     0.338     0.447      1.48     0.639         0
   208/299     11.7G     0.394     0.191         0     0.585         9       512     0.863     0.301     0.371     0.446      1.49     0.644         0
   209/299     11.7G     0.358     0.177         0     0.535         8       512     0.913      0.31     0.379     0.462      1.48     0.623         0
   210/299     11.7G     0.393     0.206         0     0.599         9       512     0.927     0.304     0.415     0.458      1.45      0.64         0
   211/299     11.7G      0.33     0.188         0     0.518        12       512     0.923     0.285     0.357     0.436      1.48     0.677         0
   212/299     11.7G     0.394     0.196         0      0.59         8       512     0.928     0.308     0.409     0.463      1.48     0.639         0
   213/299     11.7G     0.359     0.199         0     0.558        10       512     0.926       0.3      0.41     0.454      1.47      0.62         0
   214/299     11.7G     0.355     0.189         0     0.544        10       512     0.931      0.32     0.393     0.477      1.47     0.613         0
   215/299     11.7G     0.371     0.185         0     0.557        15       512     0.872     0.286     0.438      0.43      1.44     0.616         0
   216/299     11.7G     0.363      0.19         0     0.553         8       512     0.928     0.308     0.421     0.463      1.39     0.636         0
   217/299     11.7G     0.372     0.205         0     0.577        11       512     0.925     0.293     0.368     0.445      1.41     0.655         0
   218/299     11.7G     0.377     0.183         0      0.56        12       512     0.926       0.3     0.369     0.454       1.4     0.633         0
   219/299     11.7G     0.348     0.198         0     0.546         8       512     0.928     0.308     0.375     0.463      1.41     0.628         0
   220/299     11.7G     0.365     0.218         0     0.583        11       512     0.923     0.287     0.359     0.438      1.44     0.657         0
   221/299     11.7G     0.368     0.194         0     0.561        10       512     0.925     0.295     0.366     0.447      1.44     0.666         0
   222/299     11.7G     0.328      0.18         0     0.507        11       512     0.926     0.297     0.355      0.45      1.41     0.669         0
   223/299     11.7G     0.334     0.195         0     0.529        10       512     0.926     0.298     0.327     0.451      1.42     0.675         0
   224/299     11.7G     0.368      0.19         0     0.558        11       512     0.927     0.302     0.326     0.455      1.49     0.669         0
   225/299     11.7G     0.367     0.183         0      0.55        11       512     0.898      0.31     0.353      0.46      1.49     0.648         0
   226/299     11.7G     0.349     0.187         0     0.536         9       512     0.899      0.31      0.35      0.46      1.49     0.648         0
   227/299     11.7G     0.342     0.196         0     0.538         8       512     0.927     0.304     0.327     0.457      1.52     0.652         0
   228/299     11.7G     0.359     0.198         0     0.557         9       512     0.909      0.31     0.321     0.462      1.52     0.646         0
   229/299     11.7G     0.322     0.186         0     0.508        11       512     0.923      0.31     0.341     0.464      1.51     0.647         0
   230/299     11.7G     0.314     0.176         0      0.49         7       512     0.935     0.341     0.348     0.499      1.47     0.631         0
   231/299     11.7G     0.316     0.208         0     0.524        10       512     0.921     0.279     0.348     0.428      1.49     0.643         0
   232/299     11.7G     0.325     0.183         0     0.508         8       512     0.918     0.265     0.345     0.412      1.51     0.648         0
   233/299     11.7G     0.327       0.2         0     0.526        12       512     0.922     0.282     0.345     0.432      1.49     0.643         0
   234/299     11.7G     0.348     0.178         0     0.526        14       512     0.929     0.311     0.348     0.467      1.47     0.649         0
   235/299     11.7G      0.34     0.185         0     0.526         9       512     0.927     0.302     0.348     0.455      1.47     0.643         0
   236/299     11.7G     0.313     0.174         0     0.488        14       512     0.924      0.29     0.327     0.442      1.51     0.647         0
   237/299     11.7G     0.354     0.185         0     0.538        10       512     0.931     0.322     0.338     0.478      1.49     0.632         0
   238/299     11.7G     0.367     0.185         0     0.552        10       512     0.928     0.306     0.326     0.461      1.48     0.642         0
   239/299     11.7G     0.319     0.156         0     0.475         8       512     0.924     0.289     0.326      0.44      1.49     0.658         0
   240/299     11.7G     0.332     0.187         0     0.519         7       512     0.931     0.321     0.354     0.478      1.46     0.634         0
   241/299     11.7G     0.341     0.179         0      0.52        11       512     0.933     0.333     0.339     0.491      1.49     0.632         0
   242/299     11.7G     0.341     0.177         0     0.518        11       512     0.929     0.312     0.326     0.468      1.49     0.641         0
   243/299     11.7G     0.296     0.168         0     0.464        10       512     0.932     0.326     0.327     0.483      1.49     0.633         0
   244/299     11.7G     0.351     0.181         0     0.532         7       512     0.932     0.325     0.327     0.482       1.5     0.628         0
   245/299     11.7G     0.298     0.187         0     0.485        12       512     0.919      0.31     0.323     0.463      1.51     0.633         0
   246/299     11.7G     0.304     0.178         0     0.483         9       512     0.928     0.308      0.33     0.463      1.53     0.634         0
   247/299     11.7G      0.32     0.172         0     0.492        11       512     0.926     0.298       0.3     0.451      1.51      0.65         0
   248/299     11.7G     0.305     0.174         0      0.48        17       512     0.931     0.319     0.368     0.475      1.47     0.632         0
   249/299     11.7G     0.319      0.17         0     0.489        10       512     0.931     0.321     0.361     0.478      1.45     0.644         0
   250/299     11.7G      0.31      0.17         0      0.48        10       512     0.928     0.306     0.343     0.461      1.49     0.657         0
   251/299     11.7G     0.276     0.169         0     0.445        13       512     0.925     0.295     0.339     0.447      1.52     0.664         0
   252/299     11.7G      0.32     0.186         0     0.506         9       512     0.926     0.299     0.316     0.452      1.53     0.659         0
   253/299     11.7G     0.298     0.183         0     0.481         7       512     0.915      0.31     0.348     0.463      1.51     0.648         0
   254/299     11.7G     0.311     0.186         0     0.497         9       512     0.927     0.305     0.319     0.459      1.51     0.649         0
   255/299     11.7G      0.32     0.163         0     0.482        10       512     0.925     0.296      0.33     0.448      1.52     0.652         0
   256/299     11.7G       0.3     0.164         0     0.465         6       512     0.903      0.31     0.341     0.461       1.5     0.646         0
   257/299     11.7G     0.267     0.182         0     0.449         9       512     0.931     0.323     0.342     0.479      1.48     0.635         0
   258/299     11.7G     0.277     0.157         0     0.434         8       512     0.931     0.323     0.341      0.48      1.47     0.637         0
   259/299     11.7G     0.316     0.164         0      0.48        11       512      0.89      0.31     0.323     0.459      1.47     0.654         0
   260/299     11.7G      0.32     0.178         0     0.498        13       512     0.932     0.325     0.326     0.482      1.46      0.66         0
   261/299     11.7G     0.299     0.165         0     0.464        12       512     0.932     0.325     0.326     0.481      1.46     0.666         0
   262/299     11.7G     0.263      0.16         0     0.423         8       512     0.932     0.324     0.326     0.481      1.46     0.665         0
   263/299     11.7G     0.295     0.171         0     0.466        10       512     0.932     0.326     0.326     0.483      1.48     0.659         0
   264/299     11.7G     0.284     0.165         0     0.448         6       512     0.932     0.326     0.326     0.483       1.5      0.66         0
   265/299     11.7G     0.308     0.153         0     0.461         9       512     0.931     0.324     0.326     0.481      1.49     0.664         0
   266/299     11.7G     0.265     0.177         0     0.442        10       512     0.932     0.325     0.326     0.482      1.48     0.658         0
   267/299     11.7G     0.288      0.16         0     0.448        11       512     0.932     0.326     0.356     0.483      1.48      0.65         0
   268/299     11.7G     0.269     0.169         0     0.438         8       512     0.895      0.31     0.322      0.46      1.48      0.66         0
   269/299     11.7G     0.306     0.158         0     0.464         7       512     0.897      0.31     0.323      0.46      1.49     0.665         0
   270/299     11.7G     0.307      0.16         0     0.467         8       512     0.931     0.322      0.34     0.478      1.48     0.663         0
   271/299     11.7G     0.268     0.158         0     0.425         8       512     0.903      0.31     0.335     0.461      1.49     0.665         0
   272/299     11.7G     0.278     0.174         0     0.451         9       512     0.896      0.31     0.335      0.46      1.49     0.661         0
   273/299     11.7G      0.28     0.163         0     0.443        11       512     0.893      0.31     0.337      0.46      1.48     0.653         0
   274/299     11.7G     0.245     0.148         0     0.393        11       512      0.89      0.31     0.338     0.459      1.47     0.652         0
   275/299     11.7G     0.247     0.157         0     0.403         9       512     0.892      0.31     0.335      0.46      1.46     0.665         0
   276/299     11.7G     0.259     0.165         0     0.424         7       512       0.9      0.31     0.335     0.461      1.45     0.671         0
   277/299     11.7G     0.249     0.168         0     0.416        14       512     0.902      0.31     0.338     0.461      1.45     0.673         0
   278/299     11.7G     0.282     0.157         0     0.439         9       512     0.908      0.31     0.337     0.462      1.46     0.675         0
   279/299     11.7G      0.28     0.171         0     0.451        10       512     0.928      0.31     0.317     0.464      1.47     0.684         0
   280/299     11.7G     0.276     0.158         0     0.435        12       512     0.911      0.31      0.32     0.462      1.49     0.681         0
   281/299     11.7G     0.228     0.147         0     0.374         8       512     0.927      0.31      0.32     0.464      1.49     0.681         0
   282/299     11.7G     0.272     0.158         0      0.43        11       512     0.924      0.31     0.322     0.464      1.49     0.685         0
   283/299     11.7G     0.283     0.154         0     0.437        10       512     0.905      0.31     0.323     0.461      1.48     0.684         0
   284/299     11.7G     0.285     0.163         0     0.448        12       512     0.931     0.323     0.326      0.48      1.47     0.678         0
   285/299     11.7G     0.245     0.153         0     0.398        13       512     0.931     0.323     0.326      0.48      1.47     0.676         0
   286/299     11.7G     0.257     0.157         0     0.414        12       512     0.896      0.31      0.32      0.46      1.47     0.689         0
   287/299     11.7G     0.314     0.172         0     0.486        12       512     0.896      0.31       0.3      0.46      1.47     0.693         0
   288/299     11.7G      0.26      0.16         0      0.42        11       512     0.911      0.31       0.3     0.462      1.47     0.692         0
   289/299     11.7G     0.256     0.147         0     0.402         8       512     0.929     0.309     0.319     0.464      1.45     0.688         0
   290/299     11.7G      0.24     0.162         0     0.402        10       512      0.93     0.319     0.339     0.475      1.44     0.676         0
   291/299     11.7G     0.287     0.154         0     0.441        13       512     0.931     0.322     0.341     0.478      1.45      0.67         0
   292/299     11.7G     0.302     0.149         0     0.452         9       512     0.931     0.322     0.326     0.478      1.45     0.673         0
   293/299     11.7G     0.282     0.154         0     0.436         5       512      0.93     0.316      0.34     0.471      1.46     0.677         0
   294/299     11.7G     0.286     0.155         0     0.442         8       512     0.927     0.302      0.32     0.456      1.47     0.692         0
   295/299     11.7G     0.266     0.162         0     0.428        13       512     0.926       0.3     0.301     0.453      1.47     0.703         0
   296/299     11.7G     0.301     0.149         0     0.449        10       512     0.927     0.302     0.319     0.456      1.47     0.705         0
   297/299     11.7G     0.275     0.155         0      0.43         9       512     0.925      0.31     0.323     0.464      1.46     0.697         0
   298/299     11.7G     0.264     0.157         0     0.421         8       512      0.93     0.316     0.326     0.472      1.46     0.694         0
   299/299     11.7G     0.251     0.144         0     0.394        10       512     0.929     0.314     0.326     0.469      1.45     0.697         0
